ranseed = 924,frac = 0.125000,tgap = 250,s = 0.050000,U = 0.000500,V = 0.001250,D = 100,N = 10000,L = 1000,tfinal = 2400
ranseed = 612,frac = 0.125000,tgap = 250,s = 0.050000,U = 0.000500,V = 0.001250,D = 100,N = 10000,L = 1000,tfinal = 2400
