ranseed = 922,frac = 0.250000,tgap = 100,s = 0.050000,U = 0.000500,V = 0.001250,D = 10,N = 100000,L = 1000,tfinal = 2400
ranseed = 611,frac = 0.250000,tgap = 100,s = 0.050000,U = 0.000500,V = 0.001250,D = 10,N = 100000,L = 1000,tfinal = 2400
