ranseed = 922,frac = 0.500000,tgap = 200,s = 0.050000,U = 0.005000,V = 0.001250,D = 10,N = 100000,L = 1000,tfinal = 1200
ranseed = 611,frac = 0.500000,tgap = 200,s = 0.050000,U = 0.005000,V = 0.001250,D = 10,N = 100000,L = 1000,tfinal = 1200
