ranseed = 924,frac = 0.002500,tgap = 200,s = 0.050000,U = 0.000500,V = 0.000000,D = 10,N = 100000,L = 1000,tfinal = 2400
ranseed = 612,frac = 0.002500,tgap = 200,s = 0.050000,U = 0.000500,V = 0.000000,D = 10,N = 100000,L = 1000,tfinal = 2400
