ranseed = 915,frac = 0.002500,tgap = 200,s = 0.050000,U = 0.005000,V = 0.001250,D = 1,N = 1000000,L = 1000,tfinal = 1200
ranseed = 519,frac = 0.002500,tgap = 200,s = 0.050000,U = 0.005000,V = 0.001250,D = 1,N = 1000000,L = 1000,tfinal = 1200
